160 206
159 234
161 262
166 290
177 318
192 342
213 362
234 374
260 377
285 373
305 361
322 341
332 318
337 293
342 269
346 247
351 225
192 190
209 181
228 181
246 186
262 196
282 200
297 195
315 194
332 197
343 209
271 218
271 235
270 252
270 269
248 283
257 286
267 290
276 288
285 285
209 215
219 207
233 209
244 221
230 222
217 221
291 225
301 215
314 216
324 224
314 229
301 228
226 315
241 312
255 310
265 313
273 311
284 315
294 319
284 330
272 334
263 335
253 334
239 328
232 316
254 317
264 319
273 318
289 319
273 323
264 324
254 323
