150 223
156 247
162 269
169 291
179 312
193 331
214 344
239 350
267 351
294 346
316 334
333 316
344 294
349 270
350 246
351 220
350 195
165 195
173 177
190 165
209 163
230 163
254 158
274 152
294 149
314 156
327 172
244 178
246 190
247 203
249 216
237 243
245 243
254 242
262 239
270 237
185 200
195 189
208 186
221 195
210 200
197 202
271 187
282 175
296 174
308 182
298 187
284 188
225 292
234 272
247 260
258 261
266 257
281 265
293 281
284 292
272 297
261 299
250 300
237 299
232 288
248 275
258 274
268 272
286 279
269 282
259 284
249 285
