157 191
163 215
169 238
179 260
194 276
218 286
246 291
274 293
302 293
326 291
341 282
351 268
355 250
356 231
355 211
353 192
351 173
195 153
207 136
227 127
249 125
271 128
287 128
302 126
318 128
331 136
338 148
284 145
288 154
293 164
298 173
274 199
284 200
296 200
304 200
311 199
221 161
232 154
243 153
255 158
244 161
233 162
300 158
310 154
321 156
328 162
320 163
310 162
269 242
277 220
289 212
299 215
308 212
318 221
321 243
317 241
309 241
300 242
291 241
279 239
276 239
290 225
299 226
308 226
316 239
308 227
300 227
290 226
