153 210
155 236
160 262
165 288
171 314
181 338
194 360
213 375
238 378
264 372
289 356
310 334
325 309
335 282
342 253
345 224
347 195
159 189
168 176
182 171
199 170
216 175
247 168
265 161
284 158
302 161
315 174
232 194
231 209
230 226
229 242
215 261
222 264
231 266
241 263
250 260
179 205
188 197
201 196
212 203
201 207
189 208
261 199
273 191
285 191
295 197
286 202
274 202
202 311
210 295
222 287
231 289
242 286
256 293
267 308
256 324
243 332
231 333
220 332
208 326
208 310
222 300
231 300
242 299
260 308
242 313
231 314
221 314
