132 214
130 234
129 257
134 279
139 302
145 326
153 349
165 368
189 375
219 372
250 362
278 346
305 326
323 300
332 270
335 237
338 205
137 181
145 173
156 173
167 176
179 182
204 182
222 173
243 170
262 175
279 186
188 202
184 214
179 226
174 239
166 262
173 265
181 268
193 266
205 263
147 209
154 203
166 203
176 210
166 214
154 215
222 209
233 201
247 202
260 207
247 212
234 212
155 310
160 297
170 290
179 293
189 290
207 298
226 311
208 324
192 329
181 329
171 328
161 322
162 309
171 303
180 304
190 303
218 311
191 313
180 314
171 313
