142 210
142 234
144 258
147 283
153 308
163 329
178 346
196 359
220 363
248 360
276 350
302 337
323 319
335 295
342 267
345 240
349 212
151 186
157 169
172 160
190 156
207 162
238 165
257 158
279 160
298 171
310 187
222 192
220 205
218 217
215 230
199 253
207 254
218 256
230 254
242 253
168 201
177 192
190 192
202 202
190 204
177 204
252 201
263 191
277 192
289 201
277 204
263 203
188 296
199 285
209 278
217 280
225 278
239 285
256 297
239 303
225 305
217 305
209 305
198 303
194 295
209 288
217 289
225 288
249 296
225 294
217 295
209 294
