154 185
158 215
161 245
169 275
185 301
208 323
237 339
270 351
300 353
325 346
337 326
346 302
351 276
356 251
360 226
360 203
357 180
211 156
228 141
248 135
269 135
288 141
312 139
324 135
337 135
348 141
352 153
304 165
309 179
315 194
322 210
287 231
300 234
311 237
320 233
326 229
233 174
245 168
257 166
267 172
258 176
246 177
313 173
324 168
334 168
341 175
334 178
324 177
265 279
283 262
301 253
311 255
319 252
328 258
330 275
327 292
319 301
309 302
299 302
282 296
272 278
300 266
310 265
319 265
325 275
319 283
310 285
300 285
