156 210
159 239
164 269
169 298
178 326
193 350
212 371
237 387
264 390
290 383
311 365
327 342
336 316
341 289
344 261
347 232
349 205
176 202
189 190
208 188
226 191
244 196
275 194
290 187
306 182
322 182
333 192
261 211
262 228
263 245
264 263
246 279
255 280
263 282
271 280
279 278
199 217
210 210
224 210
234 218
223 223
210 223
282 216
293 207
306 206
315 213
307 220
294 220
228 321
240 311
253 305
263 307
272 305
284 311
294 320
284 333
273 338
262 339
252 338
239 333
234 320
253 315
263 315
272 314
287 320
272 322
263 323
253 322
