157 228
160 259
164 288
171 316
182 342
199 365
219 385
245 399
272 402
296 398
313 381
324 358
334 333
340 308
344 283
346 257
346 232
191 216
205 202
226 195
248 196
267 205
294 204
309 195
325 192
341 195
347 210
281 228
282 246
284 264
286 283
262 301
273 302
284 303
293 300
301 297
213 233
226 226
240 225
250 235
239 238
225 239
299 232
310 222
323 221
331 229
324 235
312 235
243 342
258 330
274 323
285 327
295 324
306 329
314 339
306 349
295 355
284 356
272 356
257 353
250 341
274 337
285 337
294 336
308 338
294 336
284 337
273 337
