153 219
156 247
160 275
166 304
177 332
192 358
210 382
232 401
255 406
279 401
299 384
315 361
329 336
338 309
342 281
345 252
347 222
167 199
179 188
196 189
214 193
231 199
259 201
277 194
297 189
316 190
331 202
245 217
246 233
246 250
246 267
229 283
237 285
247 287
256 285
265 282
187 216
197 209
211 210
222 220
209 223
196 223
272 222
282 212
297 212
308 220
297 225
283 225
217 331
226 318
239 311
250 314
260 310
276 317
287 331
279 353
264 361
252 362
240 361
227 351
224 332
240 324
250 324
260 323
280 332
262 343
252 345
241 343
