145 188
145 209
147 232
150 254
154 276
160 296
173 314
191 324
218 327
247 323
276 314
301 302
321 284
332 262
337 238
341 213
344 187
150 164
157 150
171 143
188 143
203 149
226 148
246 140
268 139
289 145
305 160
212 161
209 170
206 180
203 191
194 214
201 215
208 215
218 214
229 213
165 175
172 167
184 165
196 171
185 175
173 177
244 169
254 162
267 163
279 170
267 173
255 172
181 264
188 245
199 236
209 237
219 235
236 244
252 260
237 271
222 276
211 277
200 277
189 273
187 262
200 247
209 246
220 245
245 260
221 262
210 263
200 263
