99 270
101 314
107 358
115 400
129 442
154 478
187 509
222 535
268 542
314 533
349 506
378 473
402 436
415 394
419 349
420 306
418 263
131 247
147 222
175 210
206 209
239 216
292 217
320 206
350 203
377 213
393 236
265 257
267 285
269 314
271 345
235 362
252 367
270 372
287 367
303 361
166 272
182 261
203 260
221 270
202 277
182 278
306 268
325 257
347 257
364 267
348 274
326 274
200 417
225 408
249 404
268 408
284 404
308 406
331 416
308 441
285 450
266 453
246 452
222 442
210 419
249 419
268 422
285 420
320 418
284 429
266 432
247 430
