161 186
164 219
167 252
174 284
190 311
212 333
238 349
268 361
297 363
321 359
338 342
351 321
362 297
370 272
375 246
378 221
378 196
212 170
230 156
253 149
277 153
299 161
318 163
333 158
350 154
365 158
373 172
308 182
311 198
314 214
317 231
284 250
296 253
310 256
321 254
331 250
234 182
247 175
261 175
271 184
260 186
247 186
328 187
339 179
352 179
359 188
351 190
339 189
265 297
280 282
298 275
310 279
321 277
332 285
335 302
329 314
317 321
305 321
292 320
276 312
273 296
296 290
308 291
319 292
329 301
318 300
307 301
295 299
