145 180
146 211
150 243
155 273
163 303
177 331
196 356
221 373
249 379
278 375
303 358
323 334
336 308
345 280
354 253
361 225
366 196
171 170
183 151
204 143
227 143
248 151
272 157
295 156
318 158
338 168
348 187
260 178
259 197
259 216
258 236
234 250
244 255
255 258
266 256
276 253
192 179
203 170
218 171
230 183
216 185
202 184
283 188
296 179
310 181
322 191
310 194
295 192
217 296
230 287
244 282
253 285
263 283
276 290
286 300
274 315
262 322
251 322
241 320
228 312
223 296
243 291
253 292
263 292
279 300
263 306
252 307
242 305
