174 161
173 190
173 220
178 247
191 272
209 293
232 309
257 319
282 325
302 323
318 313
331 298
341 280
350 261
357 240
361 220
361 201
220 136
238 125
260 123
281 129
300 139
322 146
336 145
349 148
359 153
365 164
311 161
313 173
315 185
318 198
285 215
297 218
308 221
316 221
324 219
239 154
253 149
266 151
275 162
263 163
250 160
323 174
335 168
346 172
351 183
344 184
333 180
265 258
281 245
297 240
305 244
312 243
320 252
320 270
316 277
307 280
299 279
291 277
278 271
271 258
295 251
303 253
309 254
316 267
309 267
302 267
294 264
