163 207
166 237
171 267
179 294
193 318
212 341
235 360
262 375
288 377
310 367
324 346
336 321
344 295
347 267
349 240
351 213
349 188
193 204
206 189
226 182
247 183
268 186
285 185
301 179
316 173
333 172
343 183
280 198
283 216
287 235
290 254
271 267
280 269
290 271
297 267
303 263
219 210
229 203
240 200
251 205
241 209
230 211
298 199
307 191
317 189
326 194
319 198
309 199
257 314
269 302
282 294
292 296
300 292
309 296
316 304
311 318
303 327
294 330
283 330
270 326
264 313
283 305
293 305
301 303
310 304
301 309
293 312
283 312
