287 436
296 500
313 562
332 619
356 675
386 728
424 775
470 814
525 820
579 802
622 760
658 708
684 651
699 589
708 526
716 464
716 399
316 411
342 377
384 363
429 367
471 379
513 376
557 360
603 351
650 358
680 386
495 405
497 447
499 488
500 531
458 554
479 564
504 572
527 562
548 551
368 420
389 401
417 401
442 419
417 425
388 428
555 413
576 391
605 389
630 404
609 414
581 416
443 669
463 645
487 636
507 639
530 633
559 640
583 661
562 705
534 726
512 728
490 728
464 713
453 672
489 646
509 647
530 644
572 664
531 700
510 704
489 702
