149 215
148 236
152 257
158 278
163 301
168 324
174 347
184 366
204 373
228 370
254 359
280 344
302 324
317 299
322 269
324 238
324 208
149 182
155 174
165 174
176 178
186 183
210 182
227 174
244 171
262 174
277 185
196 202
193 219
190 237
187 254
181 265
188 269
196 271
205 268
215 264
159 205
165 197
176 197
186 205
177 209
165 210
227 205
236 196
250 196
261 204
251 210
238 209
178 308
181 292
190 285
196 287
205 285
219 292
231 308
220 322
208 329
198 330
190 328
182 320
183 307
191 296
198 296
206 296
224 306
205 310
197 311
190 309
