167 163
170 194
174 226
182 255
199 279
225 298
256 312
286 323
312 325
330 320
337 302
339 281
339 258
342 235
345 213
345 192
342 175
232 150
252 137
277 135
300 139
319 151
329 155
338 152
346 150
353 150
356 156
325 169
331 181
337 192
343 205
310 222
321 224
330 226
337 226
342 224
260 169
273 164
284 164
290 173
282 174
271 173
329 176
337 171
346 171
349 179
346 182
337 181
288 263
305 249
320 243
329 248
337 246
342 256
336 273
336 285
330 291
322 290
312 288
300 278
296 263
318 256
327 257
335 259
332 271
332 274
324 275
315 272
