358 410
357 472
359 540
376 602
420 653
477 693
537 727
593 755
645 766
681 755
696 716
711 674
728 630
746 585
755 535
753 488
744 447
507 374
545 351
591 345
634 356
671 377
706 383
722 372
738 364
752 360
761 369
687 419
699 446
713 472
727 500
657 550
681 550
701 552
718 548
731 541
554 415
581 405
605 405
619 427
601 430
578 427
696 426
712 412
729 411
736 427
727 434
710 433
607 631
649 608
685 594
699 599
712 594
722 608
712 637
713 659
701 677
686 681
668 679
640 665
625 633
680 621
695 622
705 621
706 634
704 637
693 640
677 640
