183 206
183 238
185 270
192 299
207 325
227 350
250 372
272 387
295 392
315 385
327 366
338 342
349 318
360 294
369 268
373 241
373 217
225 185
241 174
261 173
280 178
299 185
324 186
339 182
353 180
366 182
373 194
312 200
313 214
315 230
318 245
289 259
299 262
310 266
320 264
327 261
246 198
257 192
270 192
279 201
268 202
256 201
329 204
340 197
351 198
358 206
350 208
339 207
268 315
279 296
297 291
307 294
316 292
326 300
326 318
322 340
311 351
301 352
291 350
275 339
272 314
296 299
306 300
314 301
322 317
312 339
303 340
294 338
