177 176
172 205
168 235
167 264
174 291
190 315
213 333
240 346
266 353
289 349
306 335
319 317
330 298
340 277
348 256
353 235
356 216
228 159
243 146
263 143
282 150
298 164
325 169
336 165
348 164
356 169
358 183
309 191
309 207
309 222
309 238
279 248
287 253
296 258
305 257
312 254
247 186
259 181
271 183
279 193
268 194
256 192
316 202
327 196
337 198
342 207
336 210
325 208
252 284
269 274
284 271
290 275
298 275
303 283
304 296
298 305
290 309
282 308
274 306
263 298
258 284
281 281
288 284
295 285
299 294
293 295
286 295
278 292
