140 185
141 211
144 237
149 264
155 290
166 314
185 335
208 351
238 355
270 350
299 335
321 314
335 288
341 260
345 233
348 205
348 175
150 173
157 154
176 144
196 143
214 150
239 149
260 141
284 141
307 150
321 168
228 171
227 194
226 217
224 240
204 244
215 251
228 256
243 251
256 244
171 179
180 169
194 169
207 178
195 181
181 182
257 177
269 167
284 167
296 176
285 180
270 180
197 282
206 274
218 270
230 273
243 270
260 274
275 281
262 295
246 301
232 303
219 301
207 294
203 283
219 278
231 280
243 278
268 282
244 287
232 289
219 287
