154 202
161 226
169 249
177 272
185 294
197 313
214 329
235 341
262 341
286 333
305 318
320 299
327 275
329 251
331 226
332 202
333 176
167 189
177 173
193 166
211 164
229 166
249 160
265 152
283 148
301 151
313 163
241 176
243 190
244 205
245 220
234 238
241 240
249 240
257 237
264 233
189 195
197 186
209 183
221 189
211 194
199 197
265 181
274 172
286 171
296 176
288 181
276 182
223 279
230 266
241 258
252 258
261 254
274 258
286 269
278 284
267 291
256 294
245 295
233 290
229 278
243 267
253 266
263 264
280 270
265 278
254 281
244 281
