147 240
154 270
162 297
174 322
194 342
218 356
248 365
280 370
309 370
334 363
349 349
358 329
362 305
364 281
363 256
361 231
357 208
188 199
200 180
220 168
244 163
267 167
294 163
311 156
328 156
343 164
349 181
286 187
292 199
298 210
304 223
278 250
290 252
303 252
313 249
320 244
216 207
228 198
241 194
254 200
243 205
230 208
305 195
316 187
328 187
336 195
328 197
317 197
268 305
280 280
295 268
306 269
314 266
327 275
332 297
328 311
318 319
308 321
297 321
282 316
276 301
296 284
306 283
315 282
325 294
316 300
307 302
296 302
