157 195
153 223
151 254
153 284
161 312
176 338
194 360
216 379
241 385
265 383
287 367
307 348
324 327
338 303
348 276
354 249
358 223
188 182
200 169
217 168
235 175
250 184
281 190
299 187
317 186
333 193
342 207
262 216
261 233
260 249
260 266
231 279
243 283
255 287
268 285
280 283
201 207
211 200
226 203
236 216
223 218
208 216
286 223
297 213
311 215
321 223
311 229
297 229
217 323
230 311
244 306
253 310
263 307
276 314
283 329
273 339
261 344
250 344
240 342
227 335
223 323
242 322
252 323
262 323
278 327
262 325
252 326
242 324
