149 259
151 285
156 312
164 339
173 366
185 391
199 415
218 435
243 440
269 436
294 418
315 394
330 367
342 339
348 308
349 275
348 245
157 242
164 229
178 226
194 229
209 234
237 231
256 224
275 219
295 220
311 231
225 251
223 269
222 288
221 306
209 317
217 321
226 324
237 320
247 317
173 259
181 253
193 253
204 258
193 263
181 264
257 256
267 248
279 247
291 251
281 258
269 259
206 365
209 348
220 341
229 343
239 341
255 348
268 364
257 386
242 395
231 395
221 394
210 384
211 365
220 351
230 351
240 351
261 365
241 378
231 379
221 377
