128 175
119 199
113 225
111 251
111 279
117 305
128 328
143 347
168 358
201 361
235 354
265 341
291 323
310 299
322 270
330 241
337 212
147 150
156 142
170 142
183 147
195 156
216 161
237 159
260 162
280 173
293 189
200 179
194 191
188 202
181 215
166 232
173 236
181 240
194 241
206 242
156 171
165 166
176 169
183 178
173 178
163 175
232 190
244 184
257 188
268 197
254 197
242 194
148 286
154 261
167 252
176 257
187 256
202 272
212 301
197 311
181 315
170 313
159 309
150 300
154 285
165 270
175 272
185 274
204 297
183 294
172 293
163 290
