144 215
146 245
149 275
152 303
161 329
178 351
201 368
228 379
254 383
277 379
294 366
309 349
320 328
328 303
333 278
340 253
345 227
180 192
196 178
217 174
237 178
255 185
278 188
295 185
312 186
328 191
336 206
266 203
267 219
268 235
270 252
245 270
255 271
264 273
273 272
281 272
201 202
212 195
225 195
234 206
224 207
212 206
285 210
297 202
310 203
318 212
308 215
297 213
224 319
236 302
253 293
263 296
272 295
283 305
288 324
282 337
270 342
259 343
248 341
233 335
231 318
252 306
262 307
271 308
282 321
271 326
261 326
250 326
