141 201
133 220
130 243
130 266
130 290
131 315
136 339
143 362
167 371
199 372
232 364
266 352
296 335
316 311
328 285
336 256
344 228
142 179
147 168
158 166
172 167
184 173
208 176
233 175
256 178
277 189
292 204
191 192
183 204
175 217
167 230
162 248
166 253
173 257
183 255
194 253
153 193
158 187
169 188
178 195
167 198
157 198
227 201
237 196
249 199
259 207
247 209
236 207
151 294
157 285
165 282
172 285
182 284
196 288
211 298
193 301
179 302
169 301
162 301
155 299
155 293
164 290
171 291
180 291
205 297
180 292
171 293
164 291
