152 178
155 201
159 224
165 245
174 264
191 279
211 288
235 293
261 293
282 289
296 280
308 268
317 251
322 233
325 213
328 194
328 176
187 156
201 142
220 134
242 134
261 139
276 139
291 134
308 135
322 142
328 156
269 150
272 159
275 168
279 178
253 199
263 200
273 201
281 200
287 197
207 164
218 158
229 156
240 160
230 162
219 164
284 159
295 155
305 157
313 162
304 162
294 161
231 236
248 223
263 217
271 218
277 216
283 221
290 234
282 235
277 238
270 240
262 241
248 240
238 234
262 225
271 224
277 223
285 232
277 230
270 232
262 232
