161 209
168 241
176 272
189 300
211 323
239 341
271 355
302 365
327 363
345 351
353 327
357 302
360 277
363 253
364 228
360 203
353 180
207 178
222 164
242 155
264 152
286 155
305 147
316 139
328 135
339 135
347 142
303 180
311 196
319 211
327 227
299 248
311 250
322 251
330 247
336 242
236 193
248 184
261 181
271 189
262 195
249 197
313 181
322 170
335 167
341 175
337 182
325 183
285 295
299 279
314 270
323 272
330 267
339 273
343 286
340 305
332 319
324 322
313 323
298 315
294 294
314 283
323 282
330 281
337 286
330 297
323 301
313 301
