142 231
146 257
151 282
158 306
168 330
180 353
196 372
215 387
239 390
267 383
292 368
316 348
336 324
348 295
354 263
354 232
355 200
140 206
145 188
162 183
180 186
198 191
225 187
245 176
267 169
290 169
308 181
213 209
213 225
212 241
212 257
202 279
211 280
220 281
231 277
241 273
161 222
169 212
183 210
197 219
185 225
170 227
248 210
257 198
273 197
286 203
275 211
260 213
199 323
205 312
214 304
223 305
234 301
252 306
269 312
255 329
239 337
228 339
217 340
206 337
206 322
216 315
225 313
235 312
262 313
236 320
225 322
216 324
