148 197
150 230
154 265
162 298
177 328
197 354
221 378
249 395
277 397
300 388
316 365
330 339
343 312
352 285
359 257
362 228
361 199
182 205
199 193
221 191
242 197
262 206
297 207
314 199
330 194
346 192
356 203
280 227
281 245
283 265
284 284
251 293
266 297
280 301
292 297
303 293
204 223
217 219
232 220
245 230
231 233
215 232
302 230
316 221
330 219
340 224
331 232
317 233
229 333
246 325
264 321
277 325
289 321
301 325
311 332
302 353
290 364
277 366
263 365
244 356
235 334
264 332
277 334
289 332
305 333
289 344
277 347
263 346
