156 210
160 239
166 268
172 296
182 321
196 345
216 364
240 378
266 381
291 375
308 358
323 336
333 311
340 284
345 256
348 227
350 199
178 183
191 170
209 167
229 170
246 176
270 175
286 166
304 162
322 165
334 178
259 195
261 212
262 228
264 245
243 264
253 265
264 266
273 264
281 262
199 203
210 196
222 195
233 202
222 205
210 206
283 200
293 192
306 192
315 198
306 203
294 203
230 315
238 295
253 285
265 288
276 284
290 293
297 312
291 330
279 340
266 342
253 341
238 333
236 313
254 298
265 298
276 297
291 310
277 320
265 322
253 321
