129 188
127 212
129 237
132 262
137 286
145 309
156 328
173 342
198 348
227 345
255 336
281 322
302 303
317 279
325 250
330 222
333 192
139 150
148 135
162 127
178 125
193 130
214 127
236 122
258 123
278 133
292 149
200 159
197 169
194 180
190 191
177 219
185 221
194 221
205 220
216 218
152 176
160 166
172 164
184 173
173 177
160 179
233 171
244 161
257 162
269 171
257 175
244 174
169 275
173 254
184 241
193 243
203 240
220 253
233 275
222 294
206 302
195 303
185 302
174 293
177 274
185 259
193 259
203 258
225 274
205 280
195 281
186 280
