152 192
152 216
152 242
155 268
160 294
168 319
179 342
197 359
222 365
251 363
279 352
303 335
321 313
334 288
341 259
346 230
352 201
153 160
161 140
178 132
197 133
215 140
240 140
261 131
285 131
307 141
320 161
226 161
224 176
222 192
220 208
205 231
213 233
222 235
233 234
243 234
171 168
180 158
194 158
205 170
193 173
179 173
257 172
270 159
284 160
294 172
284 176
270 176
190 286
198 266
212 256
221 259
233 257
250 268
263 289
249 300
232 304
219 304
208 303
196 298
196 284
211 270
221 270
233 270
256 286
232 288
220 288
210 287
