157 204
161 235
167 267
173 298
188 326
209 350
236 371
263 387
290 389
312 379
323 353
332 324
341 297
348 271
351 242
351 215
348 191
202 188
216 173
236 166
258 165
278 171
293 170
306 164
321 162
335 165
341 178
289 186
293 198
299 210
304 224
273 239
285 241
297 244
306 240
313 235
225 194
237 188
248 186
257 192
248 194
237 195
300 190
310 184
320 183
327 189
320 191
311 191
248 300
261 268
282 258
296 260
307 257
319 264
317 291
317 321
306 338
293 341
279 341
259 329
253 298
282 265
295 264
306 263
313 290
305 325
293 330
280 329
