160 220
161 247
162 274
166 302
177 327
193 349
215 368
240 382
266 388
290 385
308 371
323 353
334 331
341 306
347 280
351 254
353 229
196 204
210 193
227 188
244 189
262 195
296 194
310 189
324 189
337 194
344 206
280 220
282 235
284 249
286 264
261 281
271 283
281 285
290 284
297 282
218 219
229 213
242 213
250 223
240 225
228 225
297 224
308 215
321 215
328 223
321 228
309 227
246 322
258 313
271 308
279 310
286 308
297 314
304 326
296 336
285 339
277 339
268 338
256 333
253 321
270 318
279 319
285 319
298 325
285 325
278 324
269 323
