157 210
159 238
163 267
168 295
179 321
198 343
222 360
249 373
278 375
303 368
321 349
334 327
344 305
347 279
350 254
353 227
352 203
186 199
200 185
220 181
240 184
259 191
286 189
302 180
318 176
335 176
343 190
275 209
278 229
280 249
282 268
257 274
268 279
279 282
289 278
297 273
212 215
222 209
235 209
246 214
234 218
222 218
293 211
303 204
315 204
325 208
316 213
304 214
242 308
253 300
266 296
277 298
287 296
297 299
306 306
298 318
289 324
278 325
266 325
254 319
248 308
266 305
277 306
287 304
300 307
288 309
278 311
266 309
