102 148
102 161
103 176
105 190
108 205
113 218
120 230
129 240
143 243
159 242
174 233
187 222
196 209
200 195
204 180
207 164
209 148
104 134
109 129
118 127
127 128
135 131
151 134
162 131
173 131
184 136
192 143
142 145
142 154
141 164
141 174
132 182
136 184
141 185
146 184
152 183
112 144
117 139
125 140
130 146
124 147
117 147
161 148
167 144
175 144
180 149
175 152
167 151
122 204
128 200
136 197
141 200
146 198
155 201
163 207
155 212
146 214
140 214
134 213
127 210
125 205
135 205
141 206
146 206
160 206
146 205
140 205
135 204
