140 180
137 204
137 230
139 256
142 283
149 310
159 335
174 353
199 359
229 356
258 342
285 323
307 301
323 275
333 247
339 218
344 188
147 161
151 146
164 140
179 140
193 146
216 147
237 141
259 142
279 150
295 166
203 168
200 182
197 195
193 210
182 232
189 235
197 237
208 234
218 232
159 178
166 170
177 169
189 177
177 180
166 181
235 176
246 169
259 170
271 178
259 181
246 180
170 281
176 269
188 261
194 263
203 262
217 270
231 283
216 297
201 303
192 304
184 303
174 297
175 281
188 274
194 274
202 274
224 282
202 288
193 289
186 288
