146 196
141 215
137 237
138 261
141 286
146 312
154 336
166 358
189 367
218 364
251 353
283 338
310 317
328 289
336 258
340 227
343 195
141 175
143 161
155 155
168 157
181 163
201 160
225 153
250 152
274 163
291 180
189 182
183 197
176 211
170 226
164 246
171 251
180 253
192 251
205 247
149 188
155 178
167 179
178 189
167 191
155 192
227 187
237 176
251 177
264 185
251 189
238 189
164 292
168 283
176 279
183 281
192 279
209 283
231 292
211 304
195 309
186 310
177 309
169 304
168 292
176 289
184 290
193 289
224 291
194 296
184 298
177 296
