131 233
136 253
142 274
150 295
159 316
171 333
188 346
212 355
238 353
266 343
294 328
318 310
335 287
340 258
339 229
334 201
329 174
127 211
129 190
143 178
162 171
179 174
195 163
215 147
239 141
265 143
284 157
191 192
193 207
194 222
195 238
188 260
197 261
206 260
218 255
228 249
147 216
154 205
167 200
182 207
170 212
158 217
225 189
237 175
250 171
263 177
254 183
241 187
190 303
198 292
206 284
215 283
223 278
239 277
259 278
245 287
232 292
222 296
214 299
203 303
195 300
209 290
217 288
226 284
253 279
227 283
218 287
210 290
