163 170
167 201
171 232
180 261
196 288
219 310
246 329
275 344
303 347
327 339
340 319
351 294
359 269
365 244
368 219
367 195
365 173
209 153
225 137
248 130
272 131
293 139
314 140
329 135
345 134
359 140
365 154
305 163
309 179
314 196
319 213
286 231
299 234
311 236
321 234
329 231
234 168
246 160
260 160
270 170
259 172
246 172
319 171
331 163
343 163
350 170
343 175
331 175
266 272
285 263
301 258
311 260
320 259
329 264
334 272
328 287
318 295
308 297
298 295
283 288
274 272
300 268
310 269
319 268
329 272
318 278
309 279
299 278
