137 234
140 256
145 278
155 300
166 324
178 348
193 371
212 390
238 392
269 385
298 367
323 344
341 318
350 285
353 252
351 218
348 186
134 202
137 188
149 186
164 189
177 195
208 193
226 181
247 173
270 172
290 180
196 218
196 233
195 248
194 265
189 283
197 286
206 287
217 282
228 279
151 227
156 216
170 216
185 225
171 229
157 231
235 217
243 204
260 202
275 208
263 215
248 218
190 329
195 314
204 307
213 308
222 305
242 308
263 318
247 335
230 345
220 347
210 348
199 342
197 327
206 319
215 319
225 317
255 318
227 326
217 328
208 328
