127 187
129 211
132 235
137 258
146 279
163 296
187 306
214 312
241 314
264 313
281 304
295 290
302 271
305 250
307 228
310 208
311 188
161 166
174 152
192 146
211 148
228 156
252 155
268 150
283 149
297 155
303 170
242 171
244 184
246 196
248 209
227 223
236 225
244 226
252 225
258 224
183 174
193 168
205 168
214 177
204 178
192 178
258 178
268 170
279 171
286 177
279 181
268 181
208 257
222 249
235 244
244 247
253 245
263 250
271 259
262 264
253 266
243 267
234 266
221 263
214 257
234 253
243 254
252 254
266 258
253 254
244 255
235 254
