153 190
155 226
158 261
164 294
177 324
197 348
220 369
249 383
277 385
301 378
317 359
330 338
342 313
351 288
357 262
360 236
361 210
194 206
212 194
235 190
258 193
279 201
304 200
320 192
337 187
354 187
362 200
291 218
292 239
293 261
294 282
266 292
277 295
290 299
300 296
308 291
217 216
231 210
246 210
258 221
244 224
229 223
309 220
322 208
336 206
345 213
337 220
323 221
239 324
260 322
276 321
286 324
294 321
304 322
316 323
304 333
294 335
285 337
274 336
258 334
245 323
276 325
286 327
294 325
311 323
294 324
285 326
275 325
