295 415
284 450
281 490
290 532
302 574
315 616
329 656
352 688
390 696
447 688
508 668
565 642
614 610
645 561
657 503
661 445
664 388
279 338
291 322
306 318
321 317
340 323
366 326
404 309
448 308
492 316
530 341
350 368
340 392
327 416
315 441
311 482
324 487
340 491
359 487
381 484
295 392
302 377
321 376
338 386
322 392
304 396
416 383
434 366
459 367
488 377
460 385
436 386
309 570
305 532
320 512
336 514
355 509
393 528
434 561
403 586
372 599
351 603
332 603
317 591
319 565
325 544
340 542
359 540
416 558
365 567
345 569
330 568
