314 449
322 510
334 570
355 629
389 684
436 729
491 768
551 796
609 800
656 782
683 740
705 690
722 637
733 580
741 525
742 470
738 418
402 408
430 377
470 358
514 357
554 365
610 354
639 335
671 327
701 337
716 363
590 403
597 439
605 477
614 514
564 548
586 553
608 557
625 550
639 543
451 421
473 401
501 398
521 418
501 423
474 426
628 406
648 381
673 378
688 396
675 404
652 406
539 654
565 623
594 605
612 608
629 602
650 615
661 643
652 669
634 687
615 692
594 692
566 682
552 652
595 629
613 628
630 626
651 642
631 659
613 663
595 662
