408 129
409 143
411 157
416 171
423 184
433 196
445 206
457 215
473 216
489 212
504 202
518 190
529 178
534 161
535 143
533 126
531 108
410 116
414 108
423 105
433 105
443 106
463 103
474 97
486 94
498 93
509 100
454 117
455 125
455 133
455 141
443 152
451 153
460 154
469 150
477 146
421 126
426 121
434 120
442 123
435 126
427 127
475 118
482 112
490 110
498 113
491 116
483 118
437 176
444 168
453 163
461 164
469 161
482 162
496 166
486 180
474 187
466 189
457 189
447 186
442 176
454 171
462 170
470 169
492 168
472 176
464 178
456 178
