203 251
210 290
217 330
229 367
250 399
279 425
315 444
354 456
388 459
416 449
430 423
439 394
444 364
449 331
453 299
453 266
449 235
257 223
276 205
300 198
327 199
352 205
384 203
400 196
416 195
432 198
439 211
372 223
378 237
384 252
390 266
361 294
373 296
385 297
393 296
400 293
291 233
303 224
318 223
331 232
319 236
304 237
389 230
400 222
414 223
424 232
414 235
401 234
342 364
354 336
373 323
385 325
393 323
409 337
413 363
409 388
396 399
385 401
372 399
354 389
351 363
373 339
384 339
393 340
404 361
393 378
385 378
373 377
