135 221
132 239
131 259
134 279
137 302
139 327
143 351
153 371
173 378
202 376
236 367
269 353
296 332
313 304
321 272
326 238
330 206
126 198
129 187
140 186
152 190
162 196
180 191
199 178
222 173
245 177
263 191
171 212
165 226
159 239
151 254
148 269
155 274
164 277
175 273
187 269
141 219
146 213
155 213
165 217
156 221
147 223
206 215
216 209
227 209
239 212
228 218
216 218
150 312
152 303
158 298
165 300
173 297
187 301
209 309
188 315
175 318
167 319
160 319
154 317
154 310
160 306
165 306
174 305
201 308
174 307
165 308
160 308
