141 188
137 207
135 229
138 252
140 276
145 301
153 324
163 344
184 352
213 349
245 339
277 324
306 306
326 281
334 250
338 219
342 187
140 164
143 153
153 149
165 151
176 156
198 154
218 147
241 146
261 154
277 168
183 178
177 191
169 205
162 219
160 236
166 241
174 243
185 240
197 237
152 184
158 178
167 177
175 182
167 186
158 187
220 181
228 175
240 176
251 181
240 185
229 185
161 283
161 269
168 262
176 265
185 262
201 269
218 283
202 292
188 298
177 299
169 298
163 292
166 281
169 273
176 273
186 273
211 282
186 284
177 285
169 284
