162 218
163 250
164 282
172 312
187 340
208 365
236 386
266 401
294 403
318 395
334 374
343 347
349 319
355 292
361 268
364 244
363 221
204 194
220 181
241 179
262 183
282 192
315 191
329 183
345 177
359 179
365 191
299 214
301 233
304 252
307 272
277 285
289 289
301 293
311 290
319 284
226 221
238 216
251 216
263 221
252 226
238 227
315 220
328 214
340 214
348 218
341 224
328 224
263 332
277 320
291 313
299 315
308 313
318 320
324 331
318 346
308 352
298 353
289 353
275 347
271 332
290 325
299 325
308 324
318 331
307 335
298 337
290 336
