170 232
174 258
181 285
190 309
207 330
231 346
257 358
284 367
307 365
324 356
333 335
340 314
345 293
346 269
345 247
343 225
339 206
210 217
224 208
241 204
259 203
275 207
300 199
310 192
320 186
331 183
337 188
291 219
296 236
302 253
308 270
285 283
295 284
304 285
311 281
316 277
235 229
245 224
255 222
263 226
256 231
246 232
303 217
311 210
320 207
325 209
322 215
313 217
271 315
285 311
298 306
305 308
311 304
317 305
325 304
319 315
313 320
307 323
299 324
286 324
276 315
299 312
306 312
312 309
321 306
311 310
305 313
298 314
