126 101
127 113
129 125
132 137
135 148
143 157
153 164
164 169
176 172
189 171
200 166
209 158
215 149
217 137
218 125
219 113
219 102
135 86
142 81
150 79
159 80
167 83
183 83
191 80
199 80
208 81
213 87
176 91
177 98
177 105
177 113
168 121
172 122
177 123
180 123
184 122
145 95
150 91
157 91
162 95
157 97
150 97
188 96
193 92
200 92
205 96
200 98
194 98
158 139
165 135
171 133
175 134
180 134
185 137
192 143
186 145
180 145
176 144
171 143
165 142
162 139
171 137
175 138
180 138
189 142
180 139
176 138
171 137
