159 100
160 122
162 144
166 166
173 185
184 201
202 213
220 223
243 225
265 223
283 213
300 200
312 182
318 161
320 139
321 117
321 94
176 86
184 73
197 67
212 67
227 72
255 72
270 66
286 65
300 71
307 83
241 92
242 105
242 117
243 130
227 140
235 143
243 145
252 142
259 139
192 100
200 94
210 94
220 100
210 103
200 103
262 99
271 93
282 93
290 98
282 102
272 102
214 172
223 164
234 159
243 161
252 159
262 162
272 170
262 177
253 180
243 181
234 181
223 178
219 172
234 169
243 170
252 169
267 170
252 169
243 170
234 170
