133 212
136 241
139 269
144 298
150 327
161 356
175 383
195 404
224 411
255 408
283 393
308 371
327 344
339 315
347 283
349 251
352 218
149 190
158 175
175 169
194 170
211 177
234 178
255 171
277 170
298 177
313 192
223 200
222 218
220 236
218 255
200 273
209 277
220 280
232 277
244 274
166 204
176 198
190 198
202 206
189 209
176 209
252 209
265 201
279 202
291 209
279 213
265 212
187 319
196 304
211 298
222 301
234 299
252 306
267 321
253 345
236 355
222 356
209 354
196 343
193 319
211 310
222 311
234 310
261 321
235 338
222 339
210 337
