143 204
145 233
149 263
153 291
159 321
171 347
190 368
214 385
242 392
271 389
298 375
320 356
333 332
341 304
347 275
354 244
359 212
162 188
173 173
193 170
212 175
229 183
258 183
279 176
300 172
321 176
334 193
245 200
244 216
242 233
241 250
223 265
232 268
242 271
253 269
263 267
182 204
193 196
207 196
218 206
206 209
193 209
275 207
287 198
301 199
311 208
301 213
287 212
209 313
219 297
232 290
243 293
254 291
269 300
281 317
270 331
255 336
243 337
231 335
219 329
215 313
232 301
243 302
254 302
275 317
254 320
243 320
232 319
