134 191
136 214
140 237
145 261
154 284
168 304
187 320
209 332
237 333
266 328
292 317
314 300
331 280
342 257
347 232
349 207
350 182
151 159
161 141
178 129
199 127
218 132
237 129
258 121
282 122
303 133
318 152
230 149
229 162
228 174
228 187
208 209
219 212
230 214
243 210
255 207
171 170
183 161
196 160
208 167
196 169
183 170
256 164
269 155
282 155
293 162
282 164
270 165
189 255
202 238
219 229
233 230
246 227
266 233
284 246
268 266
250 275
235 278
222 278
204 272
195 255
220 237
233 236
246 235
278 247
248 262
234 265
221 265
