168 206
172 234
177 262
185 289
202 312
226 330
255 342
287 351
317 351
339 346
351 331
359 312
363 291
366 270
367 249
365 229
361 209
212 184
228 168
251 159
275 160
298 167
313 168
329 162
345 162
359 168
365 184
310 189
315 201
321 213
327 225
293 246
307 247
321 249
331 247
340 244
236 198
249 192
262 191
275 198
262 201
249 202
323 199
335 194
346 194
354 201
346 204
334 204
275 290
294 273
312 265
324 267
334 265
346 272
350 290
346 301
335 306
323 307
311 306
293 303
284 288
311 280
323 281
333 280
345 287
334 287
324 287
312 287
