143 237
142 258
142 279
146 301
152 323
162 344
174 364
188 380
207 384
232 381
256 368
278 352
295 334
308 312
314 286
314 260
313 235
144 215
149 204
162 202
175 206
186 213
207 214
225 207
245 205
264 209
279 221
199 233
197 246
194 258
191 272
177 288
185 291
194 293
206 292
217 290
155 233
162 225
173 227
184 238
173 240
161 240
228 239
238 228
251 229
262 236
252 243
239 242
174 328
178 318
187 314
195 316
204 314
218 320
232 329
219 344
206 348
196 348
187 346
179 340
178 327
187 323
195 324
205 324
226 329
205 332
195 333
187 331
