143 221
146 246
150 270
156 294
163 318
175 341
191 360
209 375
233 378
259 375
281 359
302 338
315 311
323 284
329 258
332 230
331 201
150 213
156 197
172 191
190 191
207 196
226 198
245 192
266 188
287 190
303 202
217 212
218 227
219 242
220 258
204 272
213 275
223 278
235 273
245 269
167 217
175 209
187 209
199 217
187 220
175 221
247 214
257 205
270 205
281 211
271 216
258 216
200 316
207 306
218 302
228 304
237 301
253 302
264 313
254 328
240 334
230 335
219 334
209 329
204 316
218 306
228 306
238 305
259 312
239 327
229 329
219 328
