124 100
125 112
127 125
129 138
133 151
140 162
148 172
158 180
172 182
186 179
196 170
204 159
210 147
212 134
213 120
214 107
214 94
128 89
133 83
141 82
149 83
156 85
176 85
183 82
190 81
198 81
205 85
166 98
167 107
167 116
168 125
157 131
163 132
168 133
174 131
179 130
137 101
142 97
149 97
154 102
148 104
141 104
180 101
185 95
192 95
197 98
193 101
186 102
151 151
157 146
163 143
169 145
174 143
181 144
188 148
182 156
176 160
170 161
164 161
157 158
154 151
164 151
169 151
174 150
185 149
175 150
169 151
164 151
