154 195
154 223
155 251
159 279
168 307
180 331
198 352
221 367
246 374
270 370
292 358
309 339
322 316
332 290
339 264
342 236
345 209
174 181
186 165
206 160
226 164
246 170
266 171
285 169
305 171
323 178
331 195
255 189
254 204
254 219
253 236
230 252
240 255
251 257
261 256
272 256
195 189
205 183
218 183
230 193
218 195
204 194
275 198
287 190
300 192
310 201
299 204
286 203
218 295
229 285
242 281
250 283
259 283
268 290
276 302
267 307
257 309
248 309
239 307
227 302
223 294
241 289
250 291
258 291
271 299
258 298
249 298
240 297
