168 214
176 242
184 268
198 292
219 310
247 323
277 330
309 336
338 333
359 323
367 303
368 279
366 253
365 229
363 206
357 184
348 164
208 174
218 154
236 142
258 136
280 138
302 131
313 124
324 122
335 124
342 133
300 155
309 167
318 179
327 192
302 223
313 223
324 222
330 218
335 214
238 181
248 172
260 167
271 173
262 178
251 182
313 163
321 156
331 154
337 160
332 165
323 165
292 275
305 256
318 246
329 247
337 243
348 247
355 261
351 275
343 282
334 284
323 286
309 284
300 272
320 258
330 257
338 255
350 261
340 267
332 269
321 269
