162 211
165 237
169 263
175 288
187 313
203 334
222 353
246 368
270 371
294 365
315 349
331 329
343 306
350 283
355 258
357 233
358 208
185 197
196 182
214 175
233 175
251 180
271 176
288 170
306 169
324 174
336 186
262 202
263 220
264 238
265 257
248 269
256 273
265 275
274 272
281 268
205 208
215 202
228 202
239 210
228 214
215 214
285 207
295 197
307 197
318 203
309 208
297 209
238 312
245 298
256 290
266 292
275 289
288 296
296 309
290 325
279 332
268 333
257 333
245 326
244 310
256 301
266 302
276 301
290 308
277 313
267 315
257 314
