152 192
149 213
147 236
147 258
148 282
152 305
159 327
172 344
195 351
224 350
255 344
285 333
308 316
324 294
335 270
341 242
349 215
152 176
158 161
172 154
189 154
203 160
225 161
247 157
271 160
292 173
305 191
209 178
203 191
197 204
191 218
184 238
189 241
197 243
208 242
219 241
166 188
174 180
186 180
196 188
186 192
174 192
243 192
255 184
268 186
279 196
267 198
255 197
173 285
181 274
190 268
196 271
205 269
220 276
238 288
219 294
205 296
196 296
188 295
181 292
177 283
190 280
196 281
205 280
231 287
205 285
196 285
190 284
