152 230
155 263
158 295
167 324
189 349
220 367
256 380
291 391
324 396
349 391
361 372
368 348
372 322
377 298
381 272
380 248
376 227
219 196
238 181
262 174
286 174
307 185
335 186
349 180
363 180
374 185
379 197
326 207
332 222
338 237
344 253
306 273
319 277
331 282
341 279
348 275
245 212
257 205
271 205
282 214
270 215
257 215
337 217
349 211
361 213
367 222
359 223
348 221
279 317
298 302
317 296
330 300
341 300
353 311
358 326
350 337
338 340
326 340
313 337
295 330
287 317
316 311
328 313
339 314
352 325
338 324
327 323
315 321
