320 378
327 433
336 485
353 535
382 581
423 620
471 650
524 670
577 674
620 664
653 631
678 589
696 545
706 498
714 454
718 411
717 370
397 345
428 318
470 303
513 306
554 315
593 315
626 310
658 308
687 314
704 338
576 351
582 381
588 410
595 441
540 473
565 477
589 481
609 476
627 470
441 362
466 347
493 344
515 362
492 367
465 368
612 361
635 344
659 344
678 360
659 367
635 365
504 556
534 527
569 511
591 516
608 510
629 525
639 557
627 582
606 596
586 598
563 596
531 585
519 554
568 536
590 537
607 536
627 555
606 558
588 560
565 558
