135 191
132 213
131 236
133 260
135 286
140 312
149 335
165 351
194 355
226 353
258 344
287 330
310 311
324 287
331 259
334 230
338 200
134 170
141 156
156 153
171 156
186 162
210 162
232 156
255 156
277 162
294 176
196 180
193 192
188 205
184 218
174 241
181 243
188 244
199 243
210 243
149 186
156 178
168 179
180 188
168 191
156 191
232 188
242 179
256 180
269 188
256 192
243 192
158 288
165 273
176 265
186 268
198 265
215 274
234 290
215 298
199 301
187 302
176 301
165 297
164 286
177 279
186 280
198 279
225 289
198 285
187 286
176 285
