128 190
123 208
120 228
125 252
131 276
136 301
142 326
151 346
174 353
204 348
234 337
266 322
295 303
315 276
323 243
325 208
326 174
123 160
127 150
135 145
147 145
158 149
179 141
199 130
222 128
244 133
265 144
167 171
162 183
156 195
150 208
145 231
153 234
161 234
172 232
185 230
133 186
139 177
150 175
161 180
151 186
141 188
203 173
212 163
225 163
238 167
226 173
214 174
143 286
143 266
151 255
160 256
171 252
191 259
210 277
195 292
178 300
166 302
156 303
147 298
149 285
154 273
162 271
173 269
201 276
175 281
164 283
156 284
