144 187
140 209
139 231
143 256
149 280
158 308
168 336
180 362
201 371
228 371
256 354
283 331
308 306
325 277
334 246
339 214
343 181
142 168
146 155
158 147
173 145
187 150
199 150
223 147
248 151
269 161
286 177
190 169
186 184
182 199
177 215
169 232
176 237
185 241
196 238
208 235
154 177
161 169
171 168
179 175
170 178
161 179
226 177
237 171
250 173
261 182
249 182
237 181
172 284
171 268
179 263
187 265
197 263
216 271
233 290
219 313
201 321
191 321
182 319
173 305
176 284
180 269
188 270
197 270
228 289
200 309
191 310
182 306
