161 205
164 235
170 264
180 292
196 316
217 335
241 354
266 366
290 368
310 363
326 346
340 324
352 301
359 277
363 251
363 224
360 200
196 196
209 183
227 178
246 180
265 186
295 184
310 176
326 172
341 173
350 184
282 211
284 225
286 238
288 252
264 269
276 270
288 272
299 269
308 266
215 214
228 206
243 205
253 217
242 220
227 220
304 215
314 203
328 200
336 208
330 215
316 217
248 315
261 298
278 290
289 293
299 289
313 296
321 312
314 331
302 340
290 342
278 341
261 333
256 314
278 308
289 308
300 307
314 311
301 317
290 319
279 318
