138 210
133 229
132 250
136 273
141 296
147 322
154 348
165 371
188 379
218 377
251 366
280 350
305 329
321 302
329 273
334 242
337 210
136 172
141 162
152 160
164 162
176 168
207 166
228 159
250 159
271 166
284 182
187 194
182 211
176 227
169 244
164 260
169 265
177 269
188 265
200 262
147 202
152 195
163 195
175 202
163 205
152 206
224 202
234 194
247 196
259 204
247 208
234 206
160 304
162 297
169 293
176 296
184 294
199 299
218 309
200 320
186 323
177 323
169 322
163 315
165 304
170 302
176 303
184 302
211 308
185 309
177 309
170 307
