145 191
142 212
142 233
145 256
151 279
157 301
165 322
176 340
196 347
219 345
245 336
270 324
294 306
310 284
318 257
322 228
324 200
148 170
151 158
162 153
175 153
187 157
214 157
235 152
256 152
275 158
290 172
198 177
194 192
189 206
184 221
178 237
183 241
191 243
201 240
212 238
160 187
166 180
177 178
187 185
177 189
167 190
233 184
242 178
253 179
264 185
254 189
242 189
170 280
175 272
184 266
192 268
202 266
218 272
233 281
218 292
203 297
192 298
183 297
175 292
175 280
184 275
192 275
202 274
226 280
203 284
193 284
184 283
