143 201
146 233
151 265
159 295
172 323
190 349
213 370
239 387
267 392
294 385
316 368
334 345
346 318
354 288
360 259
364 230
366 200
173 182
188 166
210 161
231 165
251 173
277 173
296 163
315 158
335 162
347 177
265 199
266 219
268 240
270 261
243 276
256 279
268 281
279 279
289 276
194 203
207 199
220 199
233 206
220 209
206 209
291 206
305 198
318 198
329 203
319 209
306 209
227 316
239 306
256 301
267 303
279 301
294 307
304 315
295 334
280 344
267 346
254 345
238 336
234 317
255 312
267 314
280 312
297 316
279 324
266 326
254 325
