172 181
172 213
171 249
177 284
196 313
225 334
258 352
291 369
319 373
338 364
344 338
348 312
354 288
361 265
366 243
365 221
363 203
250 176
270 166
295 164
318 169
337 182
358 186
366 179
376 176
384 175
387 182
346 200
352 212
358 223
365 236
323 250
336 253
348 257
358 254
366 250
273 193
288 190
299 190
306 198
296 199
285 198
349 203
360 198
369 197
372 203
367 206
359 206
280 281
307 273
332 271
344 274
353 273
360 278
358 286
354 312
344 324
334 324
321 322
300 308
285 283
330 276
342 278
350 278
355 287
347 311
338 312
326 311
