238 337
238 366
240 397
250 429
262 460
278 492
296 522
316 547
350 551
391 542
433 519
471 492
504 461
524 422
528 376
523 327
515 282
225 300
227 279
244 267
264 263
284 267
313 256
342 238
376 232
409 237
436 256
302 293
300 314
297 335
295 358
288 387
299 392
314 395
330 385
346 376
248 323
256 303
275 298
293 311
278 318
260 323
351 294
366 272
388 268
408 281
391 288
371 292
287 452
291 428
305 415
320 415
337 408
369 413
400 428
378 450
352 464
333 469
316 471
301 466
296 449
309 433
323 430
341 427
389 429
345 443
327 447
311 448
