162 211
167 238
172 264
182 288
195 311
212 331
233 348
256 359
281 360
304 355
320 338
335 316
344 293
349 268
352 243
353 217
353 193
186 187
198 174
215 166
234 166
254 169
277 168
295 163
313 161
329 165
339 178
269 185
271 197
274 210
276 223
257 242
265 244
275 246
283 244
290 241
211 197
220 188
233 186
244 194
234 198
221 199
288 191
298 182
311 182
320 190
311 194
299 194
242 289
252 273
266 267
275 268
284 266
296 273
304 287
297 303
286 310
276 311
266 311
253 303
248 288
266 274
275 274
284 274
300 287
285 298
276 299
266 298
