167 218
167 248
168 278
174 305
186 331
204 355
225 375
248 391
273 395
294 390
308 370
322 348
335 325
345 300
354 275
358 250
359 226
208 209
225 198
247 194
267 199
286 205
309 204
323 197
337 191
351 190
358 201
298 220
299 238
301 255
303 273
277 286
287 289
296 292
304 289
311 286
229 223
241 215
255 215
265 225
254 229
240 229
313 224
324 214
337 212
343 221
338 228
325 228
249 326
266 317
283 312
293 315
302 312
311 318
315 329
308 344
297 352
287 353
276 353
261 346
256 327
282 323
291 324
300 323
309 329
299 334
289 336
279 335
