140 168
136 192
135 218
138 246
143 274
151 302
163 324
183 340
212 346
247 344
282 335
312 320
337 298
353 270
361 239
367 206
372 172
144 135
153 118
170 113
189 113
209 120
228 119
254 111
280 109
306 116
324 137
214 141
210 160
205 179
199 199
183 219
194 224
208 228
224 224
239 219
157 151
167 139
180 139
194 150
180 151
167 152
256 148
269 136
284 137
299 147
284 149
269 149
174 262
184 247
197 241
211 243
225 240
246 245
269 261
249 281
229 290
213 292
198 291
184 281
181 262
198 253
212 253
226 252
262 260
227 274
212 275
198 273
