165 211
167 239
171 269
178 298
192 324
214 345
242 359
270 370
295 373
316 367
328 350
338 330
346 308
352 286
356 264
357 241
356 221
212 191
229 180
248 176
267 180
284 188
315 189
326 184
338 182
348 182
354 190
303 209
306 222
310 234
314 247
288 265
298 267
306 269
313 268
318 266
233 210
244 205
257 206
267 214
256 217
243 217
315 217
325 210
336 210
342 216
336 222
326 221
268 307
284 294
298 287
305 290
313 288
320 296
323 309
318 319
310 323
303 324
294 323
281 318
275 306
297 299
305 300
312 300
318 308
311 310
304 311
296 310
