195 235
196 274
199 313
207 351
222 385
244 417
273 444
306 461
342 466
374 459
397 437
416 406
427 373
437 341
447 308
454 276
457 244
243 207
261 189
285 179
312 179
336 189
368 193
390 187
413 187
433 198
443 218
350 216
352 236
353 256
356 276
323 298
336 304
350 308
362 305
371 301
270 221
286 213
302 213
315 223
301 226
285 225
375 227
391 220
406 222
418 232
405 234
390 232
298 372
313 345
334 333
347 337
359 334
374 347
380 375
372 398
358 408
344 408
331 407
312 397
305 370
334 346
346 346
358 347
373 372
358 390
345 392
332 390
