156 194
156 219
160 244
163 269
168 296
176 321
191 343
211 359
237 364
264 360
292 349
315 330
331 306
339 278
344 248
347 218
348 189
164 177
172 160
190 154
208 157
225 165
245 163
265 153
286 149
307 155
321 170
236 182
235 196
234 211
233 226
220 246
228 249
236 251
246 249
253 245
182 191
191 181
204 182
216 192
204 194
191 195
262 190
275 177
288 177
299 185
290 191
276 191
207 295
217 283
228 277
235 279
245 276
258 282
272 291
259 304
247 309
236 310
228 310
217 306
213 294
228 287
236 287
245 286
266 291
246 296
236 297
228 297
