137 197
137 223
141 248
145 274
150 298
157 319
168 335
185 349
207 354
234 352
266 345
293 331
315 311
329 287
335 259
339 230
341 200
140 164
149 149
164 145
181 148
196 156
225 156
245 148
266 146
286 152
300 168
207 174
204 187
200 201
196 213
188 233
194 235
201 236
211 235
221 233
158 183
165 175
178 174
189 182
178 186
166 188
242 183
253 174
266 176
276 184
266 189
253 187
181 286
185 267
195 256
202 258
211 256
227 266
239 286
228 301
214 304
204 305
195 304
186 298
188 283
195 270
203 269
212 270
232 283
213 288
204 288
196 287
