188 185
183 212
181 240
181 269
187 296
197 321
210 343
228 361
249 370
274 369
297 358
317 342
334 323
348 301
359 276
367 251
373 225
209 160
223 149
240 149
256 155
271 165
306 170
324 169
340 170
355 178
363 195
284 200
280 214
277 228
273 243
249 256
258 260
268 265
279 265
290 264
222 191
234 186
247 189
257 202
244 202
230 199
308 213
321 205
334 208
343 218
332 221
319 219
227 299
238 284
254 277
264 282
274 281
287 294
295 316
284 334
270 338
258 337
246 334
233 322
235 300
252 295
262 297
273 299
288 314
272 317
261 315
251 312
