141 200
137 219
135 238
136 260
137 282
141 304
151 324
168 338
194 342
224 341
255 334
284 325
307 309
322 287
330 259
334 229
339 197
141 163
144 144
156 133
172 129
187 132
213 128
236 119
261 120
285 134
299 157
197 157
193 166
188 173
183 182
175 214
182 218
191 219
201 217
212 214
152 182
159 169
171 167
185 176
173 179
160 182
230 172
243 159
258 160
272 172
259 174
243 174
166 270
169 249
179 238
187 240
198 237
216 247
234 267
218 277
202 282
191 283
182 282
171 278
173 266
180 252
188 251
199 251
225 265
201 267
190 267
181 267
