340 70
342 86
345 101
350 116
358 130
370 141
385 150
400 158
416 160
430 157
439 147
445 134
449 120
451 106
453 92
454 78
453 66
363 57
372 50
383 46
395 46
406 48
422 48
430 45
439 44
448 46
452 53
416 59
417 68
419 76
422 85
407 95
413 96
420 98
425 96
429 94
376 65
383 59
391 58
397 64
391 66
383 67
424 63
431 57
439 57
444 62
439 65
432 64
394 120
404 112
414 107
419 108
424 107
432 112
436 120
432 128
425 131
419 131
413 131
404 128
399 120
413 115
419 115
424 115
432 120
425 122
419 122
413 122
