172 204
176 233
181 260
189 286
201 310
221 328
246 342
274 352
302 354
326 346
343 330
354 311
361 287
363 262
363 238
364 213
362 190
212 191
226 181
244 174
263 173
282 175
301 173
315 169
329 167
343 170
352 180
294 186
297 200
300 213
303 227
284 245
292 247
302 248
308 246
313 242
233 197
243 190
255 188
266 194
255 197
244 199
308 191
317 182
327 182
336 188
329 191
318 192
266 288
279 274
292 267
302 269
310 266
320 271
327 284
321 291
312 295
303 297
293 297
280 295
272 286
292 277
302 277
311 276
322 282
311 286
302 287
293 287
