154 215
161 246
169 275
179 304
195 329
214 352
235 371
258 387
284 388
308 379
326 358
340 333
354 307
362 278
365 247
365 215
362 184
175 207
184 190
201 182
219 182
238 187
277 180
293 169
310 163
328 164
342 176
260 215
263 233
266 251
269 270
242 281
257 285
272 288
287 281
300 273
195 228
207 222
221 220
234 227
222 231
207 232
289 217
300 206
315 203
328 205
318 214
304 217
229 320
244 308
261 302
275 303
288 299
306 300
320 307
310 336
294 352
279 356
264 356
246 347
237 321
263 314
276 313
290 310
313 310
291 332
276 336
262 336
