168 214
171 245
173 276
179 306
196 332
222 352
254 366
288 376
319 377
340 371
349 349
354 327
357 304
360 283
364 261
363 241
362 222
222 197
242 183
267 177
291 180
313 189
333 190
345 184
358 182
369 185
373 196
328 207
335 223
342 238
350 255
311 271
324 273
335 276
344 274
350 270
252 209
265 203
277 202
286 209
277 212
264 212
336 211
345 205
355 206
360 214
354 216
345 214
283 314
304 303
323 298
332 300
340 299
345 305
346 315
342 322
337 327
328 328
318 328
301 323
290 313
321 308
331 309
338 308
342 313
338 312
329 313
320 313
