158 206
159 231
161 256
165 282
172 308
185 331
202 352
225 368
253 372
279 367
302 351
320 330
333 305
338 279
342 253
343 227
343 201
176 192
186 178
203 172
221 173
237 179
264 178
282 173
300 171
317 178
326 192
251 199
251 216
252 232
253 249
234 262
243 266
253 268
262 265
271 262
196 204
205 199
217 199
228 206
217 208
205 208
274 205
285 199
296 199
306 203
297 208
285 208
220 302
232 294
243 290
253 292
262 290
273 293
285 301
274 312
263 317
253 318
243 318
231 314
225 302
243 297
253 298
262 296
280 301
263 306
253 307
243 306
