167 198
168 227
172 258
179 286
192 310
211 330
236 346
265 354
291 357
312 352
326 337
337 317
344 296
352 276
359 254
361 233
360 212
220 172
238 159
261 155
284 159
303 170
321 174
334 169
346 167
357 170
362 182
313 185
317 195
321 207
325 218
293 234
304 237
314 240
323 239
329 235
242 188
255 182
267 182
276 189
265 191
254 190
323 193
333 188
343 190
348 198
341 199
331 198
264 295
280 271
299 261
308 263
316 262
322 273
316 297
316 311
310 320
302 320
293 320
277 313
270 293
298 272
307 272
313 273
313 294
311 307
304 308
296 308
