139 208
141 244
142 280
149 315
165 345
193 369
227 388
261 404
293 410
318 405
333 382
343 357
352 331
359 306
366 281
371 257
373 235
217 198
239 189
264 187
286 192
308 199
335 203
349 200
363 198
375 200
381 210
322 215
325 233
329 251
333 269
297 285
308 288
318 292
328 291
334 288
241 215
256 211
269 211
278 220
267 222
254 221
335 224
346 219
357 220
362 228
355 231
344 229
268 331
286 318
302 313
312 317
319 316
327 324
327 339
322 350
314 354
306 353
296 352
282 345
275 331
300 324
310 325
317 326
322 337
316 338
309 338
299 336
