136 214
139 245
143 276
149 306
157 336
172 364
194 389
222 408
254 413
285 408
312 389
332 364
347 337
354 307
360 277
364 246
366 214
163 204
179 190
200 186
221 191
239 202
269 200
289 190
310 187
331 193
344 208
255 229
256 251
256 274
257 296
234 303
245 309
257 314
268 309
278 304
185 231
198 223
213 225
226 235
212 239
197 238
282 236
295 225
311 224
322 231
312 239
297 239
215 342
229 331
245 326
257 329
269 326
284 331
297 341
285 356
270 363
257 364
244 364
229 357
222 342
244 340
257 341
270 339
290 341
270 344
257 346
244 344
