204 126
204 145
204 163
207 181
214 197
225 212
238 225
253 235
270 239
286 236
298 225
309 212
318 198
323 184
327 169
328 153
328 138
226 129
235 120
247 118
260 118
273 122
285 123
297 120
308 121
318 126
323 135
278 133
278 145
278 157
278 169
260 171
268 174
276 178
284 175
290 172
240 134
247 130
255 131
261 136
254 136
247 136
290 137
297 133
304 133
310 138
304 139
297 138
239 183
251 181
264 182
274 184
283 182
294 183
303 186
294 201
283 208
273 210
262 208
249 200
242 184
264 185
274 187
283 186
300 187
283 200
273 202
263 200
