168 215
169 230
171 248
177 265
184 284
191 304
197 323
204 342
220 350
243 345
267 332
289 317
310 298
325 275
329 248
329 217
327 188
155 197
158 191
164 192
171 195
178 199
195 195
209 185
226 180
245 181
263 189
188 212
184 223
180 234
175 245
177 260
182 262
189 263
197 261
207 259
168 214
170 208
178 208
185 212
178 217
171 218
220 209
224 200
235 200
246 203
237 208
227 210
190 297
185 285
189 279
195 280
202 277
220 281
239 291
227 310
212 320
204 322
198 321
191 312
193 297
193 290
197 289
205 288
233 292
208 304
201 305
195 305
